2 2 2 1 1
2
0 1.26978876404494e+00 1.00000000000000e+01 0 1.12697887640449e+01
2.00000000000000e+02 0 1.00000000000000e+01 0 10
2.00000000000000e-02
0 1 0 1
0
1
0 3.98401299578224e+01
1
0 0
201 2
201
0.00000000000000e+00 1.00000000000000e+01 3.98401299578224e+01 0
1.00000000000000e+00 1.00000000000000e+01 3.98401299578224e+01 0
2.00000000000000e+00 1.00000000000000e+01 3.98401299578224e+01 0
3.00000000000000e+00 1.00000000000000e+01 3.98401299578224e+01 0
4.00000000000000e+00 1.00000000000000e+01 3.98401299578224e+01 0
5.00000000000000e+00 1.00000000000000e+01 3.98401299578224e+01 0
6.00000000000000e+00 1.00000000000000e+01 3.98401299578225e+01 0
7.00000000000000e+00 1.00000000000000e+01 3.98401299578225e+01 0
8.00000000000000e+00 1.00000000000000e+01 3.98401299578226e+01 0
9.00000000000000e+00 1.00000000000001e+01 3.98401299578228e+01 0
1.00000000000000e+01 1.00000000000001e+01 3.98401299578232e+01 0
1.10000000000000e+01 1.00000000000002e+01 3.98401299578242e+01 0
1.20000000000000e+01 1.00000000000005e+01 3.98401299578263e+01 0
1.30000000000000e+01 1.00000000000011e+01 3.98401299578306e+01 0
1.40000000000000e+01 1.00000000000024e+01 3.98401299578395e+01 0
1.50000000000000e+01 1.00000000000048e+01 3.98401299578571e+01 0
1.60000000000000e+01 1.00000000000095e+01 3.98401299578916e+01 0
1.70000000000000e+01 1.00000000000186e+01 3.98401299579576e+01 0
1.80000000000000e+01 1.00000000000357e+01 3.98401299580814e+01 0
1.90000000000000e+01 1.00000000000671e+01 3.98401299583087e+01 0
2.00000000000000e+01 1.00000000001234e+01 3.98401299587175e+01 0
2.10000000000000e+01 1.00000000002226e+01 3.98401299594371e+01 0
2.20000000000000e+01 1.00000000003937e+01 3.98401299606775e+01 0
2.30000000000000e+01 1.00000000006823e+01 3.98401299627710e+01 0
2.40000000000000e+01 1.00000000011592e+01 3.98401299662298e+01 0
2.50000000000000e+01 1.00000000019305e+01 3.98401299718231e+01 0
2.60000000000000e+01 1.00000000031511e+01 3.98401299806760e+01 0
2.70000000000000e+01 1.00000000050418e+01 3.98401299943880e+01 0
2.80000000000000e+01 1.00000000079071e+01 3.98401300151686e+01 0
2.90000000000000e+01 1.00000000121552e+01 3.98401300459783e+01 0
3.00000000000000e+01 1.00000000183156e+01 3.98401300906573e+01 0
3.10000000000000e+01 1.00000000270518e+01 3.98401301540170e+01 0
3.20000000000000e+01 1.00000000391639e+01 3.98401302418600e+01 0
3.30000000000000e+01 1.00000000555762e+01 3.98401303608910e+01 0
3.40000000000000e+01 1.00000000773047e+01 3.98401305184779e+01 0
3.50000000000000e+01 1.00000001053992e+01 3.98401307222342e+01 0
3.60000000000000e+01 1.00000001408584e+01 3.98401309794034e+01 0
3.70000000000000e+01 1.00000001845195e+01 3.98401312960572e+01 0
3.80000000000000e+01 1.00000002369278e+01 3.98401316761498e+01 0
3.90000000000000e+01 1.00000002981973e+01 3.98401321205093e+01 0
4.00000000000000e+01 1.00000003678794e+01 3.98401326258818e+01 0
4.10000000000000e+01 1.00000004448581e+01 3.98401331841722e+01 0
4.20000000000000e+01 1.00000005272924e+01 3.98401337820305e+01 0
4.30000000000000e+01 1.00000006126264e+01 3.98401344009183e+01 0
4.40000000000000e+01 1.00000006976763e+01 3.98401350177461e+01 0
4.50000000000000e+01 1.00000007788008e+01 3.98401356061043e+01 0
4.60000000000000e+01 1.00000008521438e+01 3.98401361380273e+01 0
4.70000000000000e+01 1.00000009139312e+01 3.98401365861427e+01 0
4.80000000000000e+01 1.00000009607894e+01 3.98401369259839e+01 0
4.90000000000000e+01 1.00000009900498e+01 3.98401371381961e+01 0
5.00000000000000e+01 1.00000010000000e+01 3.98401372103600e+01 0
5.10000000000000e+01 1.00000009900498e+01 3.98401371381961e+01 0
5.20000000000000e+01 1.00000009607894e+01 3.98401369259839e+01 0
5.30000000000000e+01 1.00000009139312e+01 3.98401365861427e+01 0
5.40000000000000e+01 1.00000008521438e+01 3.98401361380273e+01 0
5.50000000000000e+01 1.00000007788008e+01 3.98401356061043e+01 0
5.60000000000000e+01 1.00000006976763e+01 3.98401350177461e+01 0
5.70000000000000e+01 1.00000006126264e+01 3.98401344009183e+01 0
5.80000000000000e+01 1.00000005272924e+01 3.98401337820305e+01 0
5.90000000000000e+01 1.00000004448581e+01 3.98401331841722e+01 0
6.00000000000000e+01 1.00000003678794e+01 3.98401326258818e+01 0
6.10000000000000e+01 1.00000002981973e+01 3.98401321205093e+01 0
6.20000000000000e+01 1.00000002369278e+01 3.98401316761498e+01 0
6.30000000000000e+01 1.00000001845195e+01 3.98401312960572e+01 0
6.40000000000000e+01 1.00000001408584e+01 3.98401309794034e+01 0
6.50000000000000e+01 1.00000001053992e+01 3.98401307222342e+01 0
6.60000000000000e+01 1.00000000773047e+01 3.98401305184779e+01 0
6.70000000000000e+01 1.00000000555762e+01 3.98401303608910e+01 0
6.80000000000000e+01 1.00000000391639e+01 3.98401302418600e+01 0
6.90000000000000e+01 1.00000000270518e+01 3.98401301540170e+01 0
7.00000000000000e+01 1.00000000183156e+01 3.98401300906573e+01 0
7.10000000000000e+01 1.00000000121552e+01 3.98401300459783e+01 0
7.20000000000000e+01 1.00000000079071e+01 3.98401300151686e+01 0
7.30000000000000e+01 1.00000000050418e+01 3.98401299943880e+01 0
7.40000000000000e+01 1.00000000031511e+01 3.98401299806760e+01 0
7.50000000000000e+01 1.00000000019305e+01 3.98401299718231e+01 0
7.60000000000000e+01 1.00000000011592e+01 3.98401299662298e+01 0
7.70000000000000e+01 1.00000000006823e+01 3.98401299627710e+01 0
7.80000000000000e+01 1.00000000003937e+01 3.98401299606775e+01 0
7.90000000000000e+01 1.00000000002226e+01 3.98401299594371e+01 0
8.00000000000000e+01 1.00000000001234e+01 3.98401299587175e+01 0
8.10000000000000e+01 1.00000000000671e+01 3.98401299583087e+01 0
8.20000000000000e+01 1.00000000000357e+01 3.98401299580814e+01 0
8.30000000000000e+01 1.00000000000186e+01 3.98401299579576e+01 0
8.40000000000000e+01 1.00000000000095e+01 3.98401299578916e+01 0
8.50000000000000e+01 1.00000000000048e+01 3.98401299578571e+01 0
8.60000000000000e+01 1.00000000000024e+01 3.98401299578395e+01 0
8.70000000000000e+01 1.00000000000011e+01 3.98401299578306e+01 0
8.80000000000000e+01 1.00000000000005e+01 3.98401299578263e+01 0
8.90000000000000e+01 1.00000000000002e+01 3.98401299578242e+01 0
9.00000000000000e+01 1.00000000000001e+01 3.98401299578232e+01 0
9.10000000000000e+01 1.00000000000001e+01 3.98401299578228e+01 0
9.20000000000000e+01 1.00000000000000e+01 3.98401299578226e+01 0
9.30000000000000e+01 1.00000000000000e+01 3.98401299578225e+01 0
9.40000000000000e+01 1.00000000000000e+01 3.98401299578225e+01 0
9.50000000000000e+01 1.00000000000000e+01 3.98401299578224e+01 0
9.60000000000000e+01 1.00000000000000e+01 3.98401299578224e+01 0
9.70000000000000e+01 1.00000000000000e+01 3.98401299578224e+01 0
9.80000000000000e+01 1.00000000000000e+01 3.98401299578224e+01 0
9.90000000000000e+01 1.00000000000000e+01 3.98401299578224e+01 0
1.00000000000000e+02 1.00000000000000e+01 3.98401299578224e+01 0
1.01000000000000e+02 1.00000000000000e+01 3.98401299578224e+01 0
1.02000000000000e+02 1.00000000000000e+01 3.98401299578224e+01 0
1.03000000000000e+02 1.00000000000000e+01 3.98401299578224e+01 0
1.04000000000000e+02 1.00000000000000e+01 3.98401299578224e+01 0
1.05000000000000e+02 1.00000000000000e+01 3.98401299578224e+01 0
1.06000000000000e+02 1.00000000000000e+01 3.98401299578224e+01 0
1.07000000000000e+02 1.00000000000000e+01 3.98401299578224e+01 0
1.08000000000000e+02 1.00000000000000e+01 3.98401299578224e+01 0
1.09000000000000e+02 1.00000000000000e+01 3.98401299578224e+01 0
1.10000000000000e+02 1.00000000000000e+01 3.98401299578224e+01 0
1.11000000000000e+02 1.00000000000000e+01 3.98401299578224e+01 0
1.12000000000000e+02 1.00000000000000e+01 3.98401299578224e+01 0
1.13000000000000e+02 1.00000000000000e+01 3.98401299578224e+01 0
1.14000000000000e+02 1.00000000000000e+01 3.98401299578224e+01 0
1.15000000000000e+02 1.00000000000000e+01 3.98401299578224e+01 0
1.16000000000000e+02 1.00000000000000e+01 3.98401299578224e+01 0
1.17000000000000e+02 1.00000000000000e+01 3.98401299578224e+01 0
1.18000000000000e+02 1.00000000000000e+01 3.98401299578224e+01 0
1.19000000000000e+02 1.00000000000000e+01 3.98401299578224e+01 0
1.20000000000000e+02 1.00000000000000e+01 3.98401299578224e+01 0
1.21000000000000e+02 1.00000000000000e+01 3.98401299578224e+01 0
1.22000000000000e+02 1.00000000000000e+01 3.98401299578224e+01 0
1.23000000000000e+02 1.00000000000000e+01 3.98401299578224e+01 0
1.24000000000000e+02 1.00000000000000e+01 3.98401299578224e+01 0
1.25000000000000e+02 1.00000000000000e+01 3.98401299578224e+01 0
1.26000000000000e+02 1.00000000000000e+01 3.98401299578224e+01 0
1.27000000000000e+02 1.00000000000000e+01 3.98401299578224e+01 0
1.28000000000000e+02 1.00000000000000e+01 3.98401299578224e+01 0
1.29000000000000e+02 1.00000000000000e+01 3.98401299578224e+01 0
1.30000000000000e+02 1.00000000000000e+01 3.98401299578224e+01 0
1.31000000000000e+02 1.00000000000000e+01 3.98401299578224e+01 0
1.32000000000000e+02 1.00000000000000e+01 3.98401299578224e+01 0
1.33000000000000e+02 1.00000000000000e+01 3.98401299578224e+01 0
1.34000000000000e+02 1.00000000000000e+01 3.98401299578224e+01 0
1.35000000000000e+02 1.00000000000000e+01 3.98401299578224e+01 0
1.36000000000000e+02 1.00000000000000e+01 3.98401299578224e+01 0
1.37000000000000e+02 1.00000000000000e+01 3.98401299578224e+01 0
1.38000000000000e+02 1.00000000000000e+01 3.98401299578224e+01 0
1.39000000000000e+02 1.00000000000000e+01 3.98401299578224e+01 0
1.40000000000000e+02 1.00000000000000e+01 3.98401299578224e+01 0
1.41000000000000e+02 1.00000000000000e+01 3.98401299578224e+01 0
1.42000000000000e+02 1.00000000000000e+01 3.98401299578224e+01 0
1.43000000000000e+02 1.00000000000000e+01 3.98401299578224e+01 0
1.44000000000000e+02 1.00000000000000e+01 3.98401299578224e+01 0
1.45000000000000e+02 1.00000000000000e+01 3.98401299578224e+01 0
1.46000000000000e+02 1.00000000000000e+01 3.98401299578224e+01 0
1.47000000000000e+02 1.00000000000000e+01 3.98401299578224e+01 0
1.48000000000000e+02 1.00000000000000e+01 3.98401299578224e+01 0
1.49000000000000e+02 1.00000000000000e+01 3.98401299578224e+01 0
1.50000000000000e+02 1.00000000000000e+01 3.98401299578224e+01 0
1.51000000000000e+02 1.00000000000000e+01 3.98401299578224e+01 0
1.52000000000000e+02 1.00000000000000e+01 3.98401299578224e+01 0
1.53000000000000e+02 1.00000000000000e+01 3.98401299578224e+01 0
1.54000000000000e+02 1.00000000000000e+01 3.98401299578224e+01 0
1.55000000000000e+02 1.00000000000000e+01 3.98401299578224e+01 0
1.56000000000000e+02 1.00000000000000e+01 3.98401299578224e+01 0
1.57000000000000e+02 1.00000000000000e+01 3.98401299578224e+01 0
1.58000000000000e+02 1.00000000000000e+01 3.98401299578224e+01 0
1.59000000000000e+02 1.00000000000000e+01 3.98401299578224e+01 0
1.60000000000000e+02 1.00000000000000e+01 3.98401299578224e+01 0
1.61000000000000e+02 1.00000000000000e+01 3.98401299578224e+01 0
1.62000000000000e+02 1.00000000000000e+01 3.98401299578224e+01 0
1.63000000000000e+02 1.00000000000000e+01 3.98401299578224e+01 0
1.64000000000000e+02 1.00000000000000e+01 3.98401299578224e+01 0
1.65000000000000e+02 1.00000000000000e+01 3.98401299578224e+01 0
1.66000000000000e+02 1.00000000000000e+01 3.98401299578224e+01 0
1.67000000000000e+02 1.00000000000000e+01 3.98401299578224e+01 0
1.68000000000000e+02 1.00000000000000e+01 3.98401299578224e+01 0
1.69000000000000e+02 1.00000000000000e+01 3.98401299578224e+01 0
1.70000000000000e+02 1.00000000000000e+01 3.98401299578224e+01 0
1.71000000000000e+02 1.00000000000000e+01 3.98401299578224e+01 0
1.72000000000000e+02 1.00000000000000e+01 3.98401299578224e+01 0
1.73000000000000e+02 1.00000000000000e+01 3.98401299578224e+01 0
1.74000000000000e+02 1.00000000000000e+01 3.98401299578224e+01 0
1.75000000000000e+02 1.00000000000000e+01 3.98401299578224e+01 0
1.76000000000000e+02 1.00000000000000e+01 3.98401299578224e+01 0
1.77000000000000e+02 1.00000000000000e+01 3.98401299578224e+01 0
1.78000000000000e+02 1.00000000000000e+01 3.98401299578224e+01 0
1.79000000000000e+02 1.00000000000000e+01 3.98401299578224e+01 0
1.80000000000000e+02 1.00000000000000e+01 3.98401299578224e+01 0
1.81000000000000e+02 1.00000000000000e+01 3.98401299578224e+01 0
1.82000000000000e+02 1.00000000000000e+01 3.98401299578224e+01 0
1.83000000000000e+02 1.00000000000000e+01 3.98401299578224e+01 0
1.84000000000000e+02 1.00000000000000e+01 3.98401299578224e+01 0
1.85000000000000e+02 1.00000000000000e+01 3.98401299578224e+01 0
1.86000000000000e+02 1.00000000000000e+01 3.98401299578224e+01 0
1.87000000000000e+02 1.00000000000000e+01 3.98401299578224e+01 0
1.88000000000000e+02 1.00000000000000e+01 3.98401299578224e+01 0
1.89000000000000e+02 1.00000000000000e+01 3.98401299578224e+01 0
1.90000000000000e+02 1.00000000000000e+01 3.98401299578224e+01 0
1.91000000000000e+02 1.00000000000000e+01 3.98401299578224e+01 0
1.92000000000000e+02 1.00000000000000e+01 3.98401299578224e+01 0
1.93000000000000e+02 1.00000000000000e+01 3.98401299578224e+01 0
1.94000000000000e+02 1.00000000000000e+01 3.98401299578224e+01 0
1.95000000000000e+02 1.00000000000000e+01 3.98401299578224e+01 0
1.96000000000000e+02 1.00000000000000e+01 3.98401299578224e+01 0
1.97000000000000e+02 1.00000000000000e+01 3.98401299578224e+01 0
1.98000000000000e+02 1.00000000000000e+01 3.98401299578224e+01 0
1.99000000000000e+02 1.00000000000000e+01 3.98401299578224e+01 0
2.00000000000000e+02 1.00000000000000e+01 3.98401299578224e+01 0
1.37882779807771e+01 0 0.9 0.01 1 2 4
