604	1.83	0
630	1.83	0
650	1.83	0
680	2.17	0.334458
700	3.72	1.859193
725	6.59	4.682412
745	7.29	5.371002
770	8.57	6.630138
795	10.34	8.371287
820	10.03	8.06634
845	11.36	9.374661
870	11.46	9.473031
900	11.46	9.473031
925	11.05	9.069714
950	10.16	8.194221
980	9.9	7.938459
1010	7.96	6.030081
1040	6.84	4.928337
1120	3.93	2.06577
1170	3.61	1.750986
1220	3.02	1.170603
1263	2.71	0.865656
1312	2.44	0.600057
1393	2.26	0.422991
1440	2.11	0.275436
1490	2.02	0.186903
1588	1.9	0.068859
1675	1.91	0.078696
1793	1.9	0.068859
2030	1.89	0.059022
