830	2.98	1.131255
870	4.77	2.892078
900	6.25	4.347954
914	7.08	5.164425
925	7.85	5.921874
940	8.81	6.866226
965	9.45	7.495794
980	10.19	8.223732
995	10.56	8.587701
1015	10.99	9.010692
1048	11.09	9.109062
1064	11.21	9.227106
1085	10.94	8.961507
1115	10.23	8.26308
1160	8.79	6.846552
1205	7.12	5.203773
1260	5.18	3.295395
1310	4.05	2.183814
1370	3.42	1.564083
1430	2.88	1.032885
1490	2.61	0.767286
1610	2.3	0.462339
1730	2.04	0.206577
1850	1.94	0.108207
1970	1.93	0.09837
2090	1.91	0.078696
2210	1.9	0.068859
2330	1.88	0.049185
