1312	7.4	5.479209
1336	7.97	6.039918
1365	8.7	6.758019
1395	9.49	7.535142
1420	9.92	7.958133
1440	10.21	8.243406
1460	10.52	8.548353
1480	10.7	8.725419
1500	10.75	8.774604
1520	10.69	8.715582
1540	10.53	8.55819
1570	10.14	8.174547
1600	9.61	7.653186
1630	9	7.053129
1650	8.51	6.571116
1670	7.95	6.020244
1690	7.48	5.557905
1730	6.34	4.436487
1760	5.6	3.708549
1810	4.78	2.901915
1880	3.97	2.105118
1940	3.54	1.682127
2030	3.09	1.239462
2090	2.86	1.013211
2150	2.66	0.816471
2210	2.45	0.609894
2300	2.31	0.472176
