969	1.85	0.019674
1003	2.01	0.177066
1020	2.51	0.668916
1055	4.25	2.380554
1091	6.21	4.308606
1108	7.52	5.597253
1155	8.53	6.59079
1180	9.5	7.544979
1207	10.2	8.233569
1235	10.66	8.686071
1260	10.9	8.922159
1288	10.6	8.627049
1320	10.3	8.331939
1340	9.58	7.623675
1370	8.69	6.748182
1400	8.03	6.09894
1430	7.07	5.154588
1460	6.04	4.141377
1490	5.48	3.590505
1520	4.77	2.892078
1560	4.19	2.321532
1610	3.64	1.780497
1650	3.33	1.47555
1730	2.82	0.973863
1910	2.25	0.413154
2030	2.08	0.245925
2210	1.95	0.118044
2330	1.94	0.108207
