1197	9.54	7.584327
1225	10.82	8.843463
1261	11.75	9.758304
1281	12.04	10.043577
1356	11.83	9.837
1439	8.7	6.758019
1459	7.36	5.439861
1479	6.65	4.741434
1540	5.7	3.806919
1561	4.74	2.862567
1585	4.3	2.429739
1606	4.03	2.16414
1646	3.75	1.888704
1685	3.37	1.514898
1707	3.12	1.268973
1765	2.83	0.9837
1805	2.64	0.796797
1849	2.51	0.668916
1913	2.36	0.521361
1975	2.24	0.403317
2095	2.09	0.255762
2215	2.03	0.19674
2335	1.96	0.127881
2515	1.9	0.068859
2695	1.87	0.039348
2875	1.86	0.029511
3055	1.85	0.019674
