2 2 2 1 1
2
0 8.15176061599378e+00 1.00000000000000e+01 0.00000000000000e+00 1.81517606159938e+01
2.00000000000000e+02 0 1.00000000000000e+01 0.00000000000000e+00 10
2.00000000000000e-02
0 1 0 1
0
1
0 1.00944047719478e+02
1
0 1.00944047719478e+02
201 2
4
0 1.00000000000000e+01 1.00944047719478e+02 1
5.00000000000000e+01 1.00000000000000e+01 1.00944047719478e+02 1
5.00000000000000e+01 1.00000000000000e+00 2.17477358159077e+00 0
2.00000000000000e+02 1.00000000000000e+00 2.17477358159077e+00 0
9.11214553165140e+00 0 0.9 0.01 1 2 3
