2 2 2 1 1
2
0 2.34853168059081e+01 0.00000000000000e+00 1.00000000000000e+01 3.34853168059081e+01
2.00000000000000e+02 0 0.00000000000000e+00 1.00000000000000e+01 10
2.00000000000000e-02
0 1 0 1
0
1
0 1.28503359408049e+02
1
0 1.28503359408049e+02
201 2
4
0 1.00000000000000e+01 1.28503359408049e+02 1
5.00000000000000e+01 1.00000000000000e+01 1.28503359408049e+02 1
5.00000000000000e+01 4.00000000000000e-01 1.75790122923931e+00 0
2.00000000000000e+02 4.00000000000000e-01 1.75790122923931e+00 0
7.57423590394582e+00 0 0.9 0.01 1 2 3
