2 2 2 1 1
2
0 5.70106864478095e+00 0.00000000000000e+00 1.00000000000000e+01 1.57010686447809e+01
2.00000000000000e+02 0 0.00000000000000e+00 1.00000000000000e+01 10
2.00000000000000e-02
0 1 0 1
0
1
0 8.16347183597964e+01
1
0 8.16347183597964e+01
201 2
4
0 1.21000000000000e+01 8.16347183597964e+01 1
5.00000000000000e+01 1.21000000000000e+01 8.16347183597964e+01 1
5.00000000000000e+01 1.00000000000000e+01 6.33132205061597e+01 0
2.00000000000000e+02 1.00000000000000e+01 6.33132205061597e+01 0
1.14619449609202e+01 0 0.9 0.01 1 2 4
