2 2 2 1 1
2
0 1.95495006623258e+00 1.00000000000000e+01 0.00000000000000e+00 1.19549500662326e+01
2.00000000000000e+02 0 1.00000000000000e+01 0.00000000000000e+00 10
2.00000000000000e-02
0 1 0 1
0
1
0 5.79442905145661e+01
1
0 5.79442905145661e+01
201 2
4
0 1.10000000000000e+01 5.79442905145661e+01 1
5.00000000000000e+01 1.10000000000000e+01 5.79442905145661e+01 1
5.00000000000000e+01 1.00000000000000e+01 4.94336685143914e+01 0
2.00000000000000e+02 1.00000000000000e+01 4.94336685143914e+01 0
1.17500225010519e+01 0 0.9 0.01 1 2 1
