2 2 2 1 1
2
0 5.56420825287148e+00 1.00000000000000e+01 0.00000000000000e+00 1.55642082528715e+01
2.00000000000000e+02 0 1.00000000000000e+01 0.00000000000000e+00 10
2.00000000000000e-02
0 1 0 1
0
1
0 8.33982033145160e+01
1
0 8.33982033145160e+01
201 2
4
0 1.00000000000000e+01 8.33982033145160e+01 1
5.00000000000000e+01 1.00000000000000e+01 8.33982033145160e+01 1
5.00000000000000e+01 1.00000000000000e+00 1.79675982307125e+00 0
2.00000000000000e+02 1.00000000000000e+00 1.79675982307125e+00 0
1.10292166595602e+01 0 0.9 0.01 4 2 1
