2 2 2 1 1
2
0 1.70515346173207e+00 1.00000000000000e+01 0.00000000000000e+00 1.17051534617321e+01
2.00000000000000e+02 0 1.00000000000000e+01 0.00000000000000e+00 10
2.00000000000000e-02
0 1 0 1
0
1
0 5.41158582630205e+01
1
0 5.41158582630205e+01
201 2
4
0 1.10000000000000e+01 5.41158582630205e+01 1
5.00000000000000e+01 1.10000000000000e+01 5.41158582630205e+01 1
5.00000000000000e+01 1.00000000000000e+01 4.61675408394803e+01 0
2.00000000000000e+02 1.00000000000000e+01 4.61675408394803e+01 0
1.25812791149778e+01 0 0.9 0.01 4 2 1
