2 2 2 1 1
2
0 7.11111111111111e-04 0.00000000000000e+00 1.00000000000000e+01 1.00007111111111e+01
1.00000000000000e+00 0 0.00000000000000e+00 1.00000000000000e+01 10
2.00000000000000e-02
0 1 0 1
0
12
0 1.00000000000000e+01
0 9.99999878440233e+00
0 9.99999766582144e+00
0 9.99999673343062e+00
0 9.99999606135161e+00
0 9.99999570266549e+00
0 9.99999568512759e+00
0 9.99999600893350e+00
0 9.99999664671685e+00
0 9.99999754577904e+00
0 9.99999863236999e+00
0 9.99999981767315e+00
1
0 0
201 2
201
0.00000000000000e+00 1.00000000000000e+01 1.00000000000000e+01 0
5.00000000000000e-03 1.00000012360680e+01 1.00000012489437e+01 0
1.00000000000000e-02 1.00000023511411e+01 1.00000023756322e+01 0
1.50000000000000e-02 1.00000032360682e+01 1.00000032697773e+01 0
2.00000000000000e-02 1.00000038042264e+01 1.00000038438538e+01 0
2.50000000000000e-02 1.00000040000004e+01 1.00000040416671e+01 0
3.00000000000000e-02 1.00000038042264e+01 1.00000038438538e+01 0
3.50000000000000e-02 1.00000032360682e+01 1.00000032697773e+01 0
4.00000000000000e-02 1.00000023511411e+01 1.00000023756322e+01 0
4.50000000000000e-02 1.00000012360680e+01 1.00000012489437e+01 0
5.00000000000000e-02 1.00000000000000e+01 1.00000000000000e+01 0
5.50000000000000e-02 9.99999876393206e+00 9.99999875105635e+00 0
6.00000000000000e-02 9.99999764885913e+00 9.99999762436808e+00 0
6.50000000000000e-02 9.99999676393228e+00 9.99999673022325e+00 0
7.00000000000000e-02 9.99999619577430e+00 9.99999615614696e+00 0
7.50000000000000e-02 9.99999600000040e+00 9.99999595833375e+00 0
8.00000000000000e-02 9.99999619577430e+00 9.99999615614696e+00 0
8.50000000000000e-02 9.99999676393228e+00 9.99999673022325e+00 0
9.00000000000000e-02 9.99999764885913e+00 9.99999762436808e+00 0
9.50000000000000e-02 9.99999876393206e+00 9.99999875105635e+00 0
1.00000000000000e-01 1.00000000000000e+01 1.00000000000000e+01 0
1.05000000000000e-01 1.00000012360680e+01 1.00000012489437e+01 0
1.10000000000000e-01 1.00000023511411e+01 1.00000023756322e+01 0
1.15000000000000e-01 1.00000032360682e+01 1.00000032697773e+01 0
1.20000000000000e-01 1.00000038042264e+01 1.00000038438538e+01 0
1.25000000000000e-01 1.00000040000004e+01 1.00000040416671e+01 0
1.30000000000000e-01 1.00000038042264e+01 1.00000038438538e+01 0
1.35000000000000e-01 1.00000032360682e+01 1.00000032697773e+01 0
1.40000000000000e-01 1.00000023511411e+01 1.00000023756322e+01 0
1.45000000000000e-01 1.00000012360680e+01 1.00000012489437e+01 0
1.50000000000000e-01 1.00000000000000e+01 1.00000000000000e+01 0
1.55000000000000e-01 9.99999876393206e+00 9.99999875105635e+00 0
1.60000000000000e-01 9.99999764885913e+00 9.99999762436808e+00 0
1.65000000000000e-01 9.99999676393228e+00 9.99999673022325e+00 0
1.70000000000000e-01 9.99999619577430e+00 9.99999615614696e+00 0
1.75000000000000e-01 9.99999600000040e+00 9.99999595833375e+00 0
1.80000000000000e-01 9.99999619577430e+00 9.99999615614696e+00 0
1.85000000000000e-01 9.99999676393228e+00 9.99999673022325e+00 0
1.90000000000000e-01 9.99999764885913e+00 9.99999762436808e+00 0
1.95000000000000e-01 9.99999876393206e+00 9.99999875105635e+00 0
2.00000000000000e-01 1.00000000000000e+01 1.00000000000000e+01 0
2.05000000000000e-01 1.00000012360680e+01 1.00000012489437e+01 0
2.10000000000000e-01 1.00000023511411e+01 1.00000023756322e+01 0
2.15000000000000e-01 1.00000032360682e+01 1.00000032697773e+01 0
2.20000000000000e-01 1.00000038042264e+01 1.00000038438538e+01 0
2.25000000000000e-01 1.00000040000004e+01 1.00000040416671e+01 0
2.30000000000000e-01 1.00000038042264e+01 1.00000038438538e+01 0
2.35000000000000e-01 1.00000032360682e+01 1.00000032697773e+01 0
2.40000000000000e-01 1.00000023511411e+01 1.00000023756322e+01 0
2.45000000000000e-01 1.00000012360680e+01 1.00000012489437e+01 0
2.50000000000000e-01 1.00000000000000e+01 1.00000000000000e+01 0
2.55000000000000e-01 9.99999876393206e+00 9.99999875105635e+00 0
2.60000000000000e-01 9.99999764885913e+00 9.99999762436808e+00 0
2.65000000000000e-01 9.99999676393228e+00 9.99999673022325e+00 0
2.70000000000000e-01 9.99999619577430e+00 9.99999615614696e+00 0
2.75000000000000e-01 9.99999600000040e+00 9.99999595833375e+00 0
2.80000000000000e-01 9.99999619577430e+00 9.99999615614696e+00 0
2.85000000000000e-01 9.99999676393228e+00 9.99999673022325e+00 0
2.90000000000000e-01 9.99999764885913e+00 9.99999762436808e+00 0
2.95000000000000e-01 9.99999876393206e+00 9.99999875105635e+00 0
3.00000000000000e-01 1.00000000000000e+01 1.00000000000000e+01 0
3.05000000000000e-01 1.00000012360680e+01 1.00000012489437e+01 0
3.10000000000000e-01 1.00000023511411e+01 1.00000023756322e+01 0
3.15000000000000e-01 1.00000032360682e+01 1.00000032697773e+01 0
3.20000000000000e-01 1.00000038042264e+01 1.00000038438538e+01 0
3.25000000000000e-01 1.00000040000004e+01 1.00000040416671e+01 0
3.30000000000000e-01 1.00000038042264e+01 1.00000038438538e+01 0
3.35000000000000e-01 1.00000032360682e+01 1.00000032697773e+01 0
3.40000000000000e-01 1.00000023511411e+01 1.00000023756322e+01 0
3.45000000000000e-01 1.00000012360680e+01 1.00000012489437e+01 0
3.50000000000000e-01 1.00000000000000e+01 1.00000000000000e+01 0
3.55000000000000e-01 9.99999876393206e+00 9.99999875105635e+00 0
3.60000000000000e-01 9.99999764885913e+00 9.99999762436808e+00 0
3.65000000000000e-01 9.99999676393228e+00 9.99999673022325e+00 0
3.70000000000000e-01 9.99999619577430e+00 9.99999615614696e+00 0
3.75000000000000e-01 9.99999600000040e+00 9.99999595833375e+00 0
3.80000000000000e-01 9.99999619577430e+00 9.99999615614696e+00 0
3.85000000000000e-01 9.99999676393228e+00 9.99999673022325e+00 0
3.90000000000000e-01 9.99999764885913e+00 9.99999762436808e+00 0
3.95000000000000e-01 9.99999876393206e+00 9.99999875105635e+00 0
4.00000000000000e-01 1.00000000000000e+01 1.00000000000000e+01 0
4.05000000000000e-01 1.00000012360680e+01 1.00000012489437e+01 0
4.10000000000000e-01 1.00000023511411e+01 1.00000023756322e+01 0
4.15000000000000e-01 1.00000032360682e+01 1.00000032697773e+01 0
4.20000000000000e-01 1.00000038042264e+01 1.00000038438538e+01 0
4.25000000000000e-01 1.00000040000004e+01 1.00000040416671e+01 0
4.30000000000000e-01 1.00000038042264e+01 1.00000038438538e+01 0
4.35000000000000e-01 1.00000032360682e+01 1.00000032697773e+01 0
4.40000000000000e-01 1.00000023511411e+01 1.00000023756322e+01 0
4.45000000000000e-01 1.00000012360680e+01 1.00000012489437e+01 0
4.50000000000000e-01 1.00000000000000e+01 1.00000000000000e+01 0
4.55000000000000e-01 9.99999876393206e+00 9.99999875105635e+00 0
4.60000000000000e-01 9.99999764885913e+00 9.99999762436808e+00 0
4.65000000000000e-01 9.99999676393228e+00 9.99999673022325e+00 0
4.70000000000000e-01 9.99999619577430e+00 9.99999615614696e+00 0
4.75000000000000e-01 9.99999600000040e+00 9.99999595833375e+00 0
4.80000000000000e-01 9.99999619577430e+00 9.99999615614696e+00 0
4.85000000000000e-01 9.99999676393228e+00 9.99999673022325e+00 0
4.90000000000000e-01 9.99999764885913e+00 9.99999762436808e+00 0
4.95000000000000e-01 9.99999876393206e+00 9.99999875105635e+00 0
5.00000000000000e-01 1.00000000000000e+01 1.00000000000000e+01 0
5.05000000000000e-01 1.00000012360680e+01 1.00000012489437e+01 0
5.10000000000000e-01 1.00000023511411e+01 1.00000023756322e+01 0
5.15000000000000e-01 1.00000032360682e+01 1.00000032697773e+01 0
5.20000000000000e-01 1.00000038042264e+01 1.00000038438538e+01 0
5.25000000000000e-01 1.00000040000004e+01 1.00000040416671e+01 0
5.30000000000000e-01 1.00000038042264e+01 1.00000038438538e+01 0
5.35000000000000e-01 1.00000032360682e+01 1.00000032697773e+01 0
5.40000000000000e-01 1.00000023511411e+01 1.00000023756322e+01 0
5.45000000000000e-01 1.00000012360680e+01 1.00000012489437e+01 0
5.50000000000000e-01 1.00000000000000e+01 1.00000000000000e+01 0
5.55000000000000e-01 9.99999876393206e+00 9.99999875105635e+00 0
5.60000000000000e-01 9.99999764885913e+00 9.99999762436808e+00 0
5.65000000000000e-01 9.99999676393228e+00 9.99999673022325e+00 0
5.70000000000000e-01 9.99999619577430e+00 9.99999615614696e+00 0
5.75000000000000e-01 9.99999600000040e+00 9.99999595833375e+00 0
5.80000000000000e-01 9.99999619577430e+00 9.99999615614696e+00 0
5.85000000000000e-01 9.99999676393228e+00 9.99999673022325e+00 0
5.90000000000000e-01 9.99999764885913e+00 9.99999762436808e+00 0
5.95000000000000e-01 9.99999876393206e+00 9.99999875105635e+00 0
6.00000000000000e-01 1.00000000000000e+01 1.00000000000000e+01 0
6.05000000000000e-01 1.00000012360680e+01 1.00000012489437e+01 0
6.10000000000000e-01 1.00000023511411e+01 1.00000023756322e+01 0
6.15000000000000e-01 1.00000032360682e+01 1.00000032697773e+01 0
6.20000000000000e-01 1.00000038042264e+01 1.00000038438538e+01 0
6.25000000000000e-01 1.00000040000004e+01 1.00000040416671e+01 0
6.30000000000000e-01 1.00000038042264e+01 1.00000038438538e+01 0
6.35000000000000e-01 1.00000032360682e+01 1.00000032697773e+01 0
6.40000000000000e-01 1.00000023511411e+01 1.00000023756322e+01 0
6.45000000000000e-01 1.00000012360680e+01 1.00000012489437e+01 0
6.50000000000000e-01 1.00000000000000e+01 1.00000000000000e+01 0
6.55000000000000e-01 9.99999876393206e+00 9.99999875105635e+00 0
6.60000000000000e-01 9.99999764885913e+00 9.99999762436808e+00 0
6.65000000000000e-01 9.99999676393228e+00 9.99999673022325e+00 0
6.70000000000000e-01 9.99999619577430e+00 9.99999615614696e+00 0
6.75000000000000e-01 9.99999600000040e+00 9.99999595833375e+00 0
6.80000000000000e-01 9.99999619577430e+00 9.99999615614696e+00 0
6.85000000000000e-01 9.99999676393228e+00 9.99999673022325e+00 0
6.90000000000000e-01 9.99999764885913e+00 9.99999762436808e+00 0
6.95000000000000e-01 9.99999876393206e+00 9.99999875105635e+00 0
7.00000000000000e-01 1.00000000000000e+01 1.00000000000000e+01 0
7.05000000000000e-01 1.00000012360680e+01 1.00000012489437e+01 0
7.10000000000000e-01 1.00000023511411e+01 1.00000023756322e+01 0
7.15000000000000e-01 1.00000032360682e+01 1.00000032697773e+01 0
7.20000000000000e-01 1.00000038042264e+01 1.00000038438538e+01 0
7.25000000000000e-01 1.00000040000004e+01 1.00000040416671e+01 0
7.30000000000000e-01 1.00000038042264e+01 1.00000038438538e+01 0
7.35000000000000e-01 1.00000032360682e+01 1.00000032697773e+01 0
7.40000000000000e-01 1.00000023511411e+01 1.00000023756322e+01 0
7.45000000000000e-01 1.00000012360680e+01 1.00000012489437e+01 0
7.50000000000000e-01 1.00000000000000e+01 1.00000000000000e+01 0
7.55000000000000e-01 9.99999876393206e+00 9.99999875105635e+00 0
7.60000000000000e-01 9.99999764885913e+00 9.99999762436808e+00 0
7.65000000000000e-01 9.99999676393228e+00 9.99999673022325e+00 0
7.70000000000000e-01 9.99999619577430e+00 9.99999615614696e+00 0
7.75000000000000e-01 9.99999600000040e+00 9.99999595833375e+00 0
7.80000000000000e-01 9.99999619577430e+00 9.99999615614696e+00 0
7.85000000000000e-01 9.99999676393228e+00 9.99999673022325e+00 0
7.90000000000000e-01 9.99999764885913e+00 9.99999762436808e+00 0
7.95000000000000e-01 9.99999876393206e+00 9.99999875105635e+00 0
8.00000000000000e-01 1.00000000000000e+01 1.00000000000000e+01 0
8.05000000000000e-01 1.00000012360680e+01 1.00000012489437e+01 0
8.10000000000000e-01 1.00000023511411e+01 1.00000023756322e+01 0
8.15000000000000e-01 1.00000032360682e+01 1.00000032697773e+01 0
8.20000000000000e-01 1.00000038042264e+01 1.00000038438538e+01 0
8.25000000000000e-01 1.00000040000004e+01 1.00000040416671e+01 0
8.30000000000000e-01 1.00000038042264e+01 1.00000038438538e+01 0
8.35000000000000e-01 1.00000032360682e+01 1.00000032697773e+01 0
8.40000000000000e-01 1.00000023511411e+01 1.00000023756322e+01 0
8.45000000000000e-01 1.00000012360680e+01 1.00000012489437e+01 0
8.50000000000000e-01 1.00000000000000e+01 1.00000000000000e+01 0
8.55000000000000e-01 9.99999876393206e+00 9.99999875105635e+00 0
8.60000000000000e-01 9.99999764885913e+00 9.99999762436808e+00 0
8.65000000000000e-01 9.99999676393228e+00 9.99999673022325e+00 0
8.70000000000000e-01 9.99999619577430e+00 9.99999615614696e+00 0
8.75000000000000e-01 9.99999600000040e+00 9.99999595833375e+00 0
8.80000000000000e-01 9.99999619577430e+00 9.99999615614696e+00 0
8.85000000000000e-01 9.99999676393228e+00 9.99999673022325e+00 0
8.90000000000000e-01 9.99999764885913e+00 9.99999762436808e+00 0
8.95000000000000e-01 9.99999876393206e+00 9.99999875105635e+00 0
9.00000000000000e-01 1.00000000000000e+01 1.00000000000000e+01 0
9.05000000000000e-01 1.00000012360680e+01 1.00000012489437e+01 0
9.10000000000000e-01 1.00000023511411e+01 1.00000023756322e+01 0
9.15000000000000e-01 1.00000032360682e+01 1.00000032697773e+01 0
9.20000000000000e-01 1.00000038042264e+01 1.00000038438538e+01 0
9.25000000000000e-01 1.00000040000004e+01 1.00000040416671e+01 0
9.30000000000000e-01 1.00000038042264e+01 1.00000038438538e+01 0
9.35000000000000e-01 1.00000032360682e+01 1.00000032697773e+01 0
9.40000000000000e-01 1.00000023511411e+01 1.00000023756322e+01 0
9.45000000000000e-01 1.00000012360680e+01 1.00000012489437e+01 0
9.50000000000000e-01 1.00000000000000e+01 1.00000000000000e+01 0
9.55000000000000e-01 9.99999876393206e+00 9.99999875105635e+00 0
9.60000000000000e-01 9.99999764885913e+00 9.99999762436808e+00 0
9.65000000000000e-01 9.99999676393228e+00 9.99999673022325e+00 0
9.70000000000000e-01 9.99999619577430e+00 9.99999615614696e+00 0
9.75000000000000e-01 9.99999600000040e+00 9.99999595833375e+00 0
9.80000000000000e-01 9.99999619577430e+00 9.99999615614696e+00 0
9.85000000000000e-01 9.99999676393228e+00 9.99999673022325e+00 0
9.90000000000000e-01 9.99999764885913e+00 9.99999762436808e+00 0
9.95000000000000e-01 9.99999876393206e+00 9.99999875105635e+00 0
1.00000000000000e+00 1.00000000000000e+01 1.00000000000000e+01 0
1.54304178153104e-02 0 0.9 0.01 1 2 3
